Solucao 1
13332433
23331343
32344431
23344143
33134444
44343413
31434333
33413323

Solucao 2
12323433
33233143
33334341
33143434
24444313
43414433
31344432
33431333

Solucao 3
13332433
23334313
32314434
23344143
33434441
41343443
34431333
33143323

Solucao 4
12323433
33233413
33331344
33443431
21444343
43414433
34344132
33134333

Solucao 5
31334333
33314432
32444132
34344331
34133344
13432444
34234313
32331423

Solucao 6
21343332
42431423
34244312
13433434
34133344
34343341
32434133
23214432

Solucao 7
31334332
43341423
23444313
23413443
13334434
44234341
33432143
23133333

Solucao 8
21433233
43333133
13234443
33334413
33413434
24444241
33143433
33331432

Solucao 9
31224432
43333133
33443241
34143333
14434423
34314343
32443413
23331433

Solucao 10
31333333
43343313
23134434
23344143
42344441
24331443
13433433
34313233

Solucao 11
21324333
42342413
33331344
24334431
12443443
34314343
34434123
33143332

Solucao 12
31242243
43423331
34333133
13344343
33144433
24441433
33444313
33313433

Solucao 13
24133233
13333433
43234413
33331443
33443431
21444244
33413433
33334132

Solucao 14
23144322
33441322
41343333
44423341
14332444
33334314
22314433
22344132

Solucao 15
33143323
34431333
41343443
33434441
23344143
32314434
23334313
13332433

Solucao 16
23143333
33431433
44244412
13434433
34413333
31443234
33433331
33233142

Solucao 17
33133433
24341342
42444421
24314342
13433434
44333314
31333343
32433123

Solucao 18
33143333
34434132
31344432
32441334
33343341
14323444
34323413
32313333

Solucao 19
23144232
33443123
41334343
44333413
13433434
24314243
32443421
23331342

Solucao 20
33143332
34434123
31344343
32443414
33331443
14234433
33433331
23412243

Solucao 21
33143332
34434123
34314343
12443443
24334431
33331344
42342413
21324333

Solucao 22
33134333
34344132
43414433
21444343
33443431
33331344
33233413
12323433

Solucao 23
23133333
33432143
44234341
13334434
23413443
23444313
43341423
31334332

Solucao 24
33133333
24432143
33334341
12244434
33331443
34433413
31443333
33414223

Solucao 25
32124433
34243142
43434331
31443333
34413333
13434334
34243412
32421433

Solucao 26
32133423
34333313
41333344
43433431
24341342
12444424
24314342
33433133

Solucao 27
23133333
33432413
41234344
43334431
23443143
23414343
13344423
34331332

Solucao 28
33133333
24344231
32413433
33334413
14234444
43433143
21443333
33441223

Solucao 29
24313332
12434423
34241342
43433431
31433344
34343314
32134433
23244132

Solucao 30
34313233
13433433
24331443
42344441
23344143
23134434
43343313
31333333

Solucao 31
33413332
31434423
34341343
32443441
33334143
14234433
33133334
23442213

Solucao 32
33413332
31434423
34344313
42143443
24334134
33334341
12342443
24321333

Solucao 33
33413323
31434333
44343413
33134444
23344143
32344431
23331343
13332433

Solucao 34
33414223
31443333
34433413
33331443
12244434
33334341
24432143
33133333

Solucao 35
33412423
21434243
43343431
33331443
33334413
13343434
24134243
33442123

Solucao 36
32413323
31343243
44423431
44333143
13344343
23144423
23441333
33343313

Solucao 37
23413333
33434133
14244442
43431433
31443333
34443231
33133334
33233412

Solucao 38
22314432
22344133
33334341
41332444
44423314
14343333
33144322
23441322

Solucao 39
23214432
32434133
34343341
34133344
13433434
34244312
42431423
21343332

Solucao 40
32313333
34323413
14323444
33343341
32441334
31344432
34434132
33143333

Solucao 41
32214433
33334412
34133434
44443241
31443333
33431423
13244342
33333133

Solucao 42
33313433
23444313
33441434
31344442
43434133
14343333
34133233
33432321

Solucao 43
33313433
33444313
24441433
33144433
13344343
34333133
43423331
31242243

Solucao 44
33312342
34424321
14343333
43143342
34434124
31344343
32443413
23331433

Solucao 45
23412243
33433331
14234433
33331443
32443414
31344343
34434123
33143332

Solucao 46
23313343
32444331
34341432
34134432
13443334
44343214
31423433
33333132

Solucao 47
34331332
13344423
23414343
23443143
43334431
41234344
33432413
23133333

Solucao 48
34221432
13333433
33443241
34413333
41434423
34344313
32143443
23334133

Solucao 49
24321333
12342443
33334341
24334134
42143443
34344313
31434423
33413332

Solucao 50
33431333
31344433
33414442
33444133
34344331
33133343
13332434
34224213

Solucao 51
33431333
31344432
43414433
24444313
33143434
33334341
33233143
12323433

Solucao 52
33441223
21443333
43433143
14234444
33334413
32413433
24344231
33133333

Solucao 53
33331323
31432343
44432341
14334333
43314423
23444313
23143443
33334133

Solucao 54
23441232
33143423
14334343
44333143
43433431
21344243
32413424
23334312

Solucao 55
23441322
33144322
14343333
44423314
41332444
33334341
22344133
22314432

Solucao 56
33331432
33143433
24444241
33413434
33334413
13234443
43333133
21433233

Solucao 57
32331423
34234313
13432444
34133344
34344331
32444132
33314432
31334333

Solucao 58
32421433
34243412
13434334
34413333
31443333
43434331
34243142
32124433

Solucao 59
32241433
33334413
31433443
34413333
43444221
14343333
34123442
33333133

Solucao 60
32331433
33343413
31434344
44443133
34144332
13444323
34313332
33423331

Solucao 61
23331433
32443413
31344343
34434124
43143342
14343333
34424321
33312342

Solucao 62
23331433
32443413
34314343
14434423
34143333
33443241
43333133
31224432

Solucao 63
33231343
33433431
34413342
14444324
34144332
43443132
31334334
33333313

Solucao 64
23331342
32443421
24314243
13433434
44333413
41334343
33443123
23144232

Solucao 65
33333133
13244342
33431423
31443333
44443241
34133434
33334412
32214433

Solucao 66
33333132
31423433
44343214
13443334
34134432
34341432
32444331
23313343

Solucao 67
32433123
31333343
44333314
13433434
24314342
42444421
24341342
33133433

Solucao 68
33442123
24134243
13343434
33334413
33331443
43343431
21434243
33412423

Solucao 69
33333133
34123442
14343333
43444221
34413333
31433443
33334413
32241433

Solucao 70
33333132
34123433
14343244
43443331
34431432
31344432
32414334
23343313

Solucao 71
33343133
23144343
33441434
34344412
13434433
44313333
31433233
33432321

Solucao 72
23334133
32143443
34341343
34434421
13443342
44313333
31424324
33342312

Solucao 73
23334133
32143443
34344313
41434423
34413333
33443241
13333433
34221432

Solucao 74
23244132
32134433
34343314
31433344
43433431
34241342
12434423
24313332

Solucao 75
33334133
23143443
23444313
43314423
14334333
44432341
31432343
33331323

Solucao 76
33433133
24314342
12444424
24341342
43433431
41333344
34333313
32133423

Solucao 77
33334132
33413433
21444244
33443431
33331443
43234413
13333433
24133233

Solucao 78
32334133
33313443
34434314
14443433
34144332
43441323
31343332
33423331

Solucao 79
22344132
22314433
33334314
14332444
44423341
41343333
33441322
23144322

Solucao 80
33233142
33433331
31443234
34413333
13434433
44244412
33431433
23143333

Solucao 81
34224213
13332434
33133343
34344331
33444133
33414442
31344433
33431333

Solucao 82
33342312
31424324
44313333
13443342
34434421
34341343
32143443
23334133

Solucao 83
33333313
31334334
43443132
34144332
14444324
34413342
33433431
33231343

Solucao 84
23442213
33133334
14234433
33334143
32443441
34341343
31434423
33413332

Solucao 85
33233412
33133334
34443231
31443333
43431433
14244442
33434133
23413333

Solucao 86
23343313
32414334
31344432
34431432
43443331
14343244
34123433
33333132

Solucao 87
23334312
32413424
21344243
43433431
44333143
14334343
33143423
23441232

Solucao 88
33343313
23441333
23144423
13344343
44333143
44423431
31343243
32413323

Solucao 89
33432321
31433233
44313333
13434433
34344412
33441434
23144343
33343133

Solucao 90
33423331
31343332
43441323
34144332
14443433
34434314
33313443
32334133

Solucao 91
33432321
34133233
14343333
43434133
31344442
33441434
23444313
33313433

Solucao 92
33423331
34313332
13444323
34144332
44443133
31434344
33343413
32331433

